Generating covariance matrix
Known Sigma
( 7.3e-05, -2.32e-05, -1.88e-05, -2.32e-05, 4.67e-05, 8.73e-06, -1.88e-05, 8.73e-06, 5.06e-05, )
Generating samples
Selecting 3 samples
Estimating parameters
( 1, 0, 0, 0, 1, 0, 0, 0, 1 ): L = -0.122728
( 0.25, -1.38e-05, -1.06e-05, -1.38e-05, 0.25, 7.79e-06, -1.06e-05, 7.79e-06, 0.25 ): L = 2596.486204
( 0.0625, -1.73e-05, -1.32e-05, -1.73e-05, 0.0625, 9.74e-06, -1.32e-05, 9.74e-06, 0.0625 ): L = 5191.255841
( 0.0157, -1.81e-05, -1.39e-05, -1.81e-05, 0.0157, 1.02e-05, -1.39e-05, 1.02e-05, 0.0157 ): L = 7778.688780
( 0.00394, -1.84e-05, -1.41e-05, -1.84e-05, 0.00394, 1.04e-05, -1.41e-05, 1.04e-05, 0.00395 ): L = 10337.098826
( 0.00101, -1.85e-05, -1.42e-05, -1.85e-05, 0.00102, 1.07e-05, -1.42e-05, 1.07e-05, 0.00102 ): L = 12784.372246
( 0.00028, -1.87e-05, -1.45e-05, -1.87e-05, 0.000284, 1.14e-05, -1.45e-05, 1.14e-05, 0.000286 ): L = 14854.105668
( 0.000101, -1.96e-05, -1.56e-05, -1.96e-05, 0.000105, 1.36e-05, -1.56e-05, 1.36e-05, 0.000106 ): L = 16036.103010
( 6.65e-05, -2.13e-05, -1.79e-05, -2.13e-05, 6.63e-05, 1.63e-05, -1.79e-05, 1.63e-05, 6.55e-05 ): L = 16295.106335
( 6.47e-05, -2.16e-05, -1.84e-05, -2.16e-05, 6.13e-05, 1.7e-05, -1.84e-05, 1.7e-05, 5.91e-05 ): L = 16304.395587
( 6.48e-05, -2.15e-05, -1.84e-05, -2.15e-05, 6.12e-05, 1.71e-05, -1.84e-05, 1.71e-05, 5.89e-05 ): L = 16304.406921
( 6.48e-05, -2.15e-05, -1.84e-05, -2.15e-05, 6.12e-05, 1.71e-05, -1.84e-05, 1.71e-05, 5.89e-05 ): L = 16304.406921
( 6.48e-05, -2.15e-05, -1.84e-05, -2.15e-05, 6.12e-05, 1.71e-05, -1.84e-05, 1.71e-05, 5.89e-05 ): L = 16304.406921

Eigen Values:

  | 9.99e-05        0        0|
  |        0 4.36e-05        0|
  |        0        0 4.14e-05|

Eigen Vectors:

  |   0.627  -0.578  -0.522|
  |   0.404  -0.331   0.853|
  |   0.666   0.746 -0.0259|

Mosaicity in degrees equivalent units
M1: 0.57277 degrees
M2: 0.37822 degrees
M3: 0.36850 degrees
Calculated Sigma
( 6.48e-05, -2.15e-05, -1.84e-05, -2.15e-05, 6.12e-05, 1.71e-05, -1.84e-05, 1.71e-05, 5.89e-05, )
3 0.037339544646

Selecting 4 samples
Estimating parameters
( 1, 0, 0, 0, 1, 0, 0, 0, 1 ): L = -0.136417
( 0.25, -1.35e-05, -8.34e-06, -1.35e-05, 0.25, -5.35e-08, -8.34e-06, -5.35e-08, 0.25 ): L = 3049.029178
( 0.0625, -1.69e-05, -1.04e-05, -1.69e-05, 0.0625, -6.48e-08, -1.04e-05, -6.48e-08, 0.0625 ): L = 6096.150174
( 0.0157, -1.78e-05, -1.1e-05, -1.78e-05, 0.0157, -5.89e-08, -1.1e-05, -5.89e-08, 0.0157 ): L = 9135.113719
( 0.00396, -1.8e-05, -1.11e-05, -1.8e-05, 0.00393, -2.27e-08, -1.11e-05, -2.27e-08, 0.00394 ): L = 12141.779186
( 0.00103, -1.83e-05, -1.13e-05, -1.83e-05, 0.001, 1.22e-07, -1.13e-05, 1.22e-07, 0.00101 ): L = 15024.352102
( 0.000295, -1.92e-05, -1.17e-05, -1.92e-05, 0.000273, 6.63e-07, -1.17e-05, 6.63e-07, 0.000276 ): L = 17480.700318
( 0.000115, -2.21e-05, -1.31e-05, -2.21e-05, 9.38e-05, 2.32e-06, -1.31e-05, 2.32e-06, 9.52e-05 ): L = 18910.639673
( 7.94e-05, -2.82e-05, -1.57e-05, -2.82e-05, 5.65e-05, 5.11e-06, -1.57e-05, 5.11e-06, 5.5e-05 ): L = 19237.691875
( 8.02e-05, -3.32e-05, -1.77e-05, -3.32e-05, 5.32e-05, 6.59e-06, -1.77e-05, 6.59e-06, 4.97e-05 ): L = 19250.167727
( 8.11e-05, -3.39e-05, -1.8e-05, -3.39e-05, 5.34e-05, 6.76e-06, -1.8e-05, 6.76e-06, 4.96e-05 ): L = 19250.207453
( 8.11e-05, -3.39e-05, -1.8e-05, -3.39e-05, 5.34e-05, 6.76e-06, -1.8e-05, 6.76e-06, 4.96e-05 ): L = 19250.207454
( 8.11e-05, -3.39e-05, -1.8e-05, -3.39e-05, 5.34e-05, 6.76e-06, -1.8e-05, 6.76e-06, 4.96e-05 ): L = 19250.207454

Eigen Values:

  |  0.00011        0        0|
  |        0  4.5e-05        0|
  |        0        0 2.93e-05|

Eigen Vectors:

  |  0.802 -0.518 -0.298|
  | 0.0854 -0.394  0.915|
  |  0.592  0.759  0.271|

Mosaicity in degrees equivalent units
M1: 0.60025 degrees
M2: 0.38442 degrees
M3: 0.31031 degrees
Calculated Sigma
( 8.11e-05, -3.39e-05, -1.8e-05, -3.39e-05, 5.34e-05, 6.76e-06, -1.8e-05, 6.76e-06, 4.96e-05, )
4 0.0164990837282

Selecting 5 samples
Estimating parameters
( 1, 0, 0, 0, 1, 0, 0, 0, 1 ): L = -0.181562
( 0.25, -1.22e-05, -9.56e-06, -1.22e-05, 0.25, 3.12e-06, -9.56e-06, 3.12e-06, 0.25 ): L = 3623.377366
( 0.0625, -1.52e-05, -1.2e-05, -1.52e-05, 0.0625, 3.9e-06, -1.2e-05, 3.9e-06, 0.0625 ): L = 7244.215422
( 0.0157, -1.6e-05, -1.26e-05, -1.6e-05, 0.0157, 4.1e-06, -1.26e-05, 4.1e-06, 0.0157 ): L = 10854.202351
( 0.00396, -1.62e-05, -1.27e-05, -1.62e-05, 0.00394, 4.19e-06, -1.27e-05, 4.19e-06, 0.00394 ): L = 14421.296547
( 0.00103, -1.64e-05, -1.29e-05, -1.64e-05, 0.00101, 4.34e-06, -1.29e-05, 4.34e-06, 0.00101 ): L = 17824.636830
( 0.000297, -1.71e-05, -1.35e-05, -1.71e-05, 0.000276, 4.86e-06, -1.35e-05, 4.86e-06, 0.00028 ): L = 20678.011840
( 0.000118, -1.91e-05, -1.51e-05, -1.91e-05, 9.59e-05, 6.28e-06, -1.51e-05, 6.28e-06, 0.0001 ): L = 22282.929007
( 8.16e-05, -2.21e-05, -1.76e-05, -2.21e-05, 5.54e-05, 8.05e-06, -1.76e-05, 8.05e-06, 5.96e-05 ): L = 22648.511202
( 7.85e-05, -2.31e-05, -1.85e-05, -2.31e-05, 4.91e-05, 8.49e-06, -1.85e-05, 8.49e-06, 5.39e-05 ): L = 22663.858008
( 7.85e-05, -2.32e-05, -1.85e-05, -2.32e-05, 4.89e-05, 8.51e-06, -1.85e-05, 8.51e-06, 5.37e-05 ): L = 22663.881176
( 7.85e-05, -2.32e-05, -1.85e-05, -2.32e-05, 4.89e-05, 8.51e-06, -1.85e-05, 8.51e-06, 5.37e-05 ): L = 22663.881177
( 7.85e-05, -2.32e-05, -1.85e-05, -2.32e-05, 4.89e-05, 8.51e-06, -1.85e-05, 8.51e-06, 5.37e-05 ): L = 22663.881177

Eigen Values:

  |  0.0001       0       0|
  |       0 4.5e-05       0|
  |       0       0 3.6e-05|

Eigen Vectors:

  |  0.808 -0.432 -0.401|
  |  0.279 -0.319  0.906|
  |  0.519  0.844  0.136|

Mosaicity in degrees equivalent units
M1: 0.57332 degrees
M2: 0.38446 degrees
M3: 0.34371 degrees
Calculated Sigma
( 7.85e-05, -2.32e-05, -1.85e-05, -2.32e-05, 4.89e-05, 8.51e-06, -1.85e-05, 8.51e-06, 5.37e-05, )
5 0.00454760825269

Selecting 6 samples
Estimating parameters
( 1, 0, 0, 0, 1, 0, 0, 0, 1 ): L = -0.194630
( 0.25, -1.18e-05, -8.34e-06, -1.18e-05, 0.25, 8.41e-06, -8.34e-06, 8.41e-06, 0.25 ): L = 4204.849440
( 0.0625, -1.47e-05, -1.04e-05, -1.47e-05, 0.0625, 1.05e-05, -1.04e-05, 1.05e-05, 0.0625 ): L = 8406.976560
( 0.0157, -1.54e-05, -1.1e-05, -1.54e-05, 0.0157, 1.1e-05, -1.1e-05, 1.1e-05, 0.0157 ): L = 12597.467502
( 0.00395, -1.57e-05, -1.11e-05, -1.57e-05, 0.00394, 1.12e-05, -1.11e-05, 1.12e-05, 0.00395 ): L = 16741.914092
( 0.00102, -1.59e-05, -1.13e-05, -1.59e-05, 0.00102, 1.13e-05, -1.13e-05, 1.13e-05, 0.00102 ): L = 20709.847638
( 0.00029, -1.67e-05, -1.2e-05, -1.67e-05, 0.000283, 1.16e-05, -1.2e-05, 1.16e-05, 0.000284 ): L = 24075.873859
( 0.000112, -1.91e-05, -1.41e-05, -1.91e-05, 0.000102, 1.22e-05, -1.41e-05, 1.22e-05, 0.000103 ): L = 26014.271542
( 7.74e-05, -2.36e-05, -1.84e-05, -2.36e-05, 5.93e-05, 1.16e-05, -1.84e-05, 1.16e-05, 6.13e-05 ): L = 26446.797730
( 7.78e-05, -2.47e-05, -1.97e-05, -2.47e-05, 5.15e-05, 1.06e-05, -1.97e-05, 1.06e-05, 5.46e-05 ): L = 26462.167360
( 7.8e-05, -2.48e-05, -1.97e-05, -2.48e-05, 5.15e-05, 1.08e-05, -1.97e-05, 1.08e-05, 5.45e-05 ): L = 26462.191494
( 7.8e-05, -2.48e-05, -1.97e-05, -2.48e-05, 5.15e-05, 1.08e-05, -1.97e-05, 1.08e-05, 5.45e-05 ): L = 26462.191495

Eigen Values:

  | 0.000103        0        0|
  |        0 4.42e-05        0|
  |        0        0 3.66e-05|

Eigen Vectors:

  |  0.781 -0.462  -0.42|
  |  0.307 -0.301  0.903|
  |  0.543  0.834 0.0931|

Mosaicity in degrees equivalent units
M1: 0.58211 degrees
M2: 0.38096 degrees
M3: 0.34651 degrees
Calculated Sigma
( 7.8e-05, -2.48e-05, -1.97e-05, -2.48e-05, 5.15e-05, 1.08e-05, -1.97e-05, 1.08e-05, 5.45e-05, )
6 0.00552116317186

Selecting 7 samples
Estimating parameters
( 1, 0, 0, 0, 1, 0, 0, 0, 1 ): L = -0.132653
( 0.25, -1.63e-05, -1.31e-05, -1.63e-05, 0.25, -7.7e-07, -1.31e-05, -7.7e-07, 0.25 ): L = 2764.168278
( 0.0625, -2.04e-05, -1.64e-05, -2.04e-05, 0.0625, -9.58e-07, -1.64e-05, -9.58e-07, 0.0625 ): L = 5526.481228
( 0.0157, -2.14e-05, -1.72e-05, -2.14e-05, 0.0157, -9.89e-07, -1.72e-05, -9.89e-07, 0.0157 ): L = 8280.865229
( 0.00395, -2.17e-05, -1.75e-05, -2.17e-05, 0.00394, -9.32e-07, -1.75e-05, -9.32e-07, 0.00393 ): L = 11003.896857
( 0.00103, -2.2e-05, -1.77e-05, -2.2e-05, 0.00101, -6.66e-07, -1.77e-05, -6.66e-07, 0.001 ): L = 13607.077219
( 0.000295, -2.27e-05, -1.81e-05, -2.27e-05, 0.000275, 3.06e-07, -1.81e-05, 3.06e-07, 0.000273 ): L = 15805.866977
( 0.000116, -2.48e-05, -1.94e-05, -2.48e-05, 9.63e-05, 2.98e-06, -1.94e-05, 2.98e-06, 9.32e-05 ): L = 17073.259004
( 8.27e-05, -2.8e-05, -2.09e-05, -2.8e-05, 5.71e-05, 6.34e-06, -2.09e-05, 6.34e-06, 5.37e-05 ): L = 17378.387156
( 8.19e-05, -2.9e-05, -2.11e-05, -2.9e-05, 5.1e-05, 7.7e-06, -2.11e-05, 7.7e-06, 4.87e-05 ): L = 17392.119450
( 8.2e-05, -2.9e-05, -2.11e-05, -2.9e-05, 5.08e-05, 7.83e-06, -2.11e-05, 7.83e-06, 4.86e-05 ): L = 17392.143749
( 8.2e-05, -2.9e-05, -2.11e-05, -2.9e-05, 5.08e-05, 7.83e-06, -2.11e-05, 7.83e-06, 4.86e-05 ): L = 17392.143749
( 8.2e-05, -2.9e-05, -2.11e-05, -2.9e-05, 5.08e-05, 7.83e-06, -2.11e-05, 7.83e-06, 4.86e-05 ): L = 17392.143749

Eigen Values:

  | 0.000108        0        0|
  |        0  4.2e-05        0|
  |        0        0 3.17e-05|

Eigen Vectors:

  |  0.813 -0.463 -0.352|
  | 0.0716 -0.521   0.85|
  |  0.577  0.717  0.391|

Mosaicity in degrees equivalent units
M1: 0.59456 degrees
M2: 0.37122 degrees
M3: 0.32241 degrees
Calculated Sigma
( 8.2e-05, -2.9e-05, -2.11e-05, -2.9e-05, 5.08e-05, 7.83e-06, -2.11e-05, 7.83e-06, 4.86e-05, )
7 0.00715258305572

Selecting 8 samples
Estimating parameters
( 1, 0, 0, 0, 1, 0, 0, 0, 1 ): L = -0.295621
( 0.25, -1.38e-05, -1.11e-05, -1.38e-05, 0.25, 1.5e-06, -1.11e-05, 1.5e-06, 0.25 ): L = 6372.407942
( 0.0625, -1.73e-05, -1.38e-05, -1.73e-05, 0.0625, 1.88e-06, -1.38e-05, 1.88e-06, 0.0625 ): L = 12740.680950
( 0.0157, -1.82e-05, -1.45e-05, -1.82e-05, 0.0157, 1.99e-06, -1.45e-05, 1.99e-06, 0.0157 ): L = 19091.279258
( 0.00395, -1.84e-05, -1.47e-05, -1.84e-05, 0.00393, 2.07e-06, -1.47e-05, 2.07e-06, 0.00394 ): L = 25371.930975
( 0.00102, -1.86e-05, -1.49e-05, -1.86e-05, 0.001, 2.29e-06, -1.49e-05, 2.29e-06, 0.00101 ): L = 31384.339655
( 0.00029, -1.9e-05, -1.53e-05, -1.9e-05, 0.000274, 3.09e-06, -1.53e-05, 3.09e-06, 0.000279 ): L = 36481.490195
( 0.000111, -2.01e-05, -1.65e-05, -2.01e-05, 9.44e-05, 5.34e-06, -1.65e-05, 5.34e-06, 9.87e-05 ): L = 39412.799425
( 7.52e-05, -2.19e-05, -1.88e-05, -2.19e-05, 5.54e-05, 8.51e-06, -1.88e-05, 8.51e-06, 5.93e-05 ): L = 40073.935070
( 7.32e-05, -2.24e-05, -1.99e-05, -2.24e-05, 5.01e-05, 9.86e-06, -1.99e-05, 9.86e-06, 5.41e-05 ): L = 40098.760677
( 7.32e-05, -2.24e-05, -1.99e-05, -2.24e-05, 4.99e-05, 9.95e-06, -1.99e-05, 9.95e-06, 5.4e-05 ): L = 40098.794549
( 7.32e-05, -2.24e-05, -1.99e-05, -2.24e-05, 4.99e-05, 9.95e-06, -1.99e-05, 9.95e-06, 5.4e-05 ): L = 40098.794549

Eigen Values:

  |  9.8e-05        0        0|
  |        0 4.32e-05        0|
  |        0        0 3.59e-05|

Eigen Vectors:

  |   0.77 -0.452 -0.451|
  |  0.255  -0.43  0.866|
  |  0.585  0.782  0.216|

Mosaicity in degrees equivalent units
M1: 0.56716 degrees
M2: 0.37643 degrees
M3: 0.34349 degrees
Calculated Sigma
( 7.32e-05, -2.24e-05, -1.99e-05, -2.24e-05, 4.99e-05, 9.95e-06, -1.99e-05, 9.95e-06, 5.4e-05, )
8 0.00331347381666

Selecting 9 samples
Estimating parameters
( 1, 0, 0, 0, 1, 0, 0, 0, 1 ): L = -0.238662
( 0.25, -1.48e-05, -1.09e-05, -1.48e-05, 0.25, -3.01e-07, -1.09e-05, -3.01e-07, 0.25 ): L = 5138.254530
( 0.0625, -1.86e-05, -1.37e-05, -1.86e-05, 0.0625, -3.73e-07, -1.37e-05, -3.73e-07, 0.0625 ): L = 10273.170890
( 0.0157, -1.95e-05, -1.44e-05, -1.95e-05, 0.0157, -3.76e-07, -1.44e-05, -3.76e-07, 0.0157 ): L = 15393.819134
( 0.00395, -1.98e-05, -1.46e-05, -1.98e-05, 0.00393, -3.18e-07, -1.46e-05, -3.18e-07, 0.00394 ): L = 20458.015490
( 0.00103, -1.99e-05, -1.47e-05, -1.99e-05, 0.00101, -7.36e-08, -1.47e-05, -7.36e-08, 0.00101 ): L = 25305.912582
( 0.000294, -2.04e-05, -1.5e-05, -2.04e-05, 0.000274, 8.12e-07, -1.5e-05, 8.12e-07, 0.000277 ): L = 29417.817105
( 0.000116, -2.19e-05, -1.6e-05, -2.19e-05, 9.5e-05, 3.25e-06, -1.6e-05, 3.25e-06, 9.68e-05 ): L = 31794.729186
( 8.23e-05, -2.39e-05, -1.74e-05, -2.39e-05, 5.57e-05, 6.55e-06, -1.74e-05, 6.55e-06, 5.74e-05 ): L = 32341.183857
( 8.08e-05, -2.45e-05, -1.8e-05, -2.45e-05, 5e-05, 7.98e-06, -1.8e-05, 7.98e-06, 5.25e-05 ): L = 32362.423271
( 8.09e-05, -2.45e-05, -1.8e-05, -2.45e-05, 4.98e-05, 8.07e-06, -1.8e-05, 8.07e-06, 5.24e-05 ): L = 32362.452750
( 8.09e-05, -2.45e-05, -1.8e-05, -2.45e-05, 4.98e-05, 8.07e-06, -1.8e-05, 8.07e-06, 5.24e-05 ): L = 32362.452750

Eigen Values:

  | 0.000102        0        0|
  |        0 4.49e-05        0|
  |        0        0 3.61e-05|

Eigen Vectors:

  |  0.819  -0.44 -0.368|
  |  0.235 -0.329  0.915|
  |  0.524  0.836  0.166|

Mosaicity in degrees equivalent units
M1: 0.57903 degrees
M2: 0.38375 degrees
M3: 0.34432 degrees
Calculated Sigma
( 8.09e-05, -2.45e-05, -1.8e-05, -2.45e-05, 4.98e-05, 8.07e-06, -1.8e-05, 8.07e-06, 5.24e-05, )
9 0.00581112169394

Selecting 10 samples
Estimating parameters
( 1, 0, 0, 0, 1, 0, 0, 0, 1 ): L = -0.246523
( 0.25, -1.22e-05, -9.37e-06, -1.22e-05, 0.25, 2.42e-06, -9.37e-06, 2.42e-06, 0.25 ): L = 5533.994401
( 0.0625, -1.52e-05, -1.17e-05, -1.52e-05, 0.0625, 3.03e-06, -1.17e-05, 3.03e-06, 0.0625 ): L = 11064.540482
( 0.0157, -1.6e-05, -1.23e-05, -1.6e-05, 0.0157, 3.19e-06, -1.23e-05, 3.19e-06, 0.0157 ): L = 16580.345166
( 0.00395, -1.62e-05, -1.25e-05, -1.62e-05, 0.00394, 3.27e-06, -1.25e-05, 3.27e-06, 0.00394 ): L = 22037.785664
( 0.00102, -1.64e-05, -1.26e-05, -1.64e-05, 0.00101, 3.42e-06, -1.26e-05, 3.42e-06, 0.00101 ): L = 27271.012198
( 0.000289, -1.69e-05, -1.31e-05, -1.69e-05, 0.000277, 3.96e-06, -1.31e-05, 3.96e-06, 0.00028 ): L = 31734.374180
( 0.00011, -1.85e-05, -1.44e-05, -1.85e-05, 9.64e-05, 5.51e-06, -1.44e-05, 5.51e-06, 9.97e-05 ): L = 34343.143837
( 7.42e-05, -2.13e-05, -1.71e-05, -2.13e-05, 5.61e-05, 7.67e-06, -1.71e-05, 7.67e-06, 5.95e-05 ): L = 34947.413567
( 7.3e-05, -2.26e-05, -1.85e-05, -2.26e-05, 4.99e-05, 8.44e-06, -1.85e-05, 8.44e-06, 5.4e-05 ): L = 34970.659184
( 7.32e-05, -2.26e-05, -1.86e-05, -2.26e-05, 4.97e-05, 8.5e-06, -1.86e-05, 8.5e-06, 5.38e-05 ): L = 34970.692349
( 7.32e-05, -2.26e-05, -1.86e-05, -2.26e-05, 4.97e-05, 8.5e-06, -1.86e-05, 8.5e-06, 5.38e-05 ): L = 34970.692349

Eigen Values:

  | 9.66e-05        0        0|
  |        0 4.47e-05        0|
  |        0        0 3.54e-05|

Eigen Vectors:

  |  0.781 -0.454 -0.429|
  |  0.236 -0.422  0.875|
  |  0.579  0.785  0.222|

Mosaicity in degrees equivalent units
M1: 0.56315 degrees
M2: 0.38315 degrees
M3: 0.34081 degrees
Calculated Sigma
( 7.32e-05, -2.26e-05, -1.86e-05, -2.26e-05, 4.97e-05, 8.5e-06, -1.86e-05, 8.5e-06, 5.38e-05, )
10 0.00297431354118

Selecting 11 samples
Estimating parameters
( 1, 0, 0, 0, 1, 0, 0, 0, 1 ): L = -0.282075
( 0.25, -1.85e-05, -1.52e-05, -1.85e-05, 0.25, 1.36e-06, -1.52e-05, 1.36e-06, 0.25 ): L = 6057.107252
( 0.0625, -2.31e-05, -1.9e-05, -2.31e-05, 0.0625, 1.7e-06, -1.9e-05, 1.7e-06, 0.0625 ): L = 12110.269210
( 0.0157, -2.42e-05, -1.99e-05, -2.42e-05, 0.0157, 1.81e-06, -1.99e-05, 1.81e-06, 0.0157 ): L = 18146.569070
( 0.00394, -2.45e-05, -2.02e-05, -2.45e-05, 0.00394, 1.91e-06, -2.02e-05, 1.91e-06, 0.00394 ): L = 24116.169861
( 0.00101, -2.46e-05, -2.03e-05, -2.46e-05, 0.00101, 2.22e-06, -2.03e-05, 2.22e-06, 0.00101 ): L = 29830.430745
( 0.000283, -2.48e-05, -2.05e-05, -2.48e-05, 0.000277, 3.3e-06, -2.05e-05, 3.3e-06, 0.000279 ): L = 34677.845885
( 0.000106, -2.55e-05, -2.13e-05, -2.55e-05, 9.81e-05, 5.91e-06, -2.13e-05, 5.91e-06, 9.9e-05 ): L = 37479.855140
( 7.48e-05, -2.65e-05, -2.25e-05, -2.65e-05, 5.8e-05, 7.95e-06, -2.25e-05, 7.95e-06, 5.83e-05 ): L = 38101.501160
( 7.42e-05, -2.62e-05, -2.25e-05, -2.62e-05, 5.22e-05, 8.55e-06, -2.25e-05, 8.55e-06, 5.23e-05 ): L = 38123.007424
( 7.43e-05, -2.63e-05, -2.25e-05, -2.63e-05, 5.21e-05, 8.62e-06, -2.25e-05, 8.62e-06, 5.21e-05 ): L = 38123.034552
( 7.43e-05, -2.63e-05, -2.25e-05, -2.63e-05, 5.21e-05, 8.62e-06, -2.25e-05, 8.62e-06, 5.21e-05 ): L = 38123.034552

Eigen Values:

  | 0.000103        0        0|
  |        0 4.37e-05        0|
  |        0        0 3.21e-05|

Eigen Vectors:

  |  0.773 -0.472 -0.424|
  | 0.0687 -0.602  0.796|
  |  0.631  0.644  0.433|

Mosaicity in degrees equivalent units
M1: 0.58077 degrees
M2: 0.37866 degrees
M3: 0.32479 degrees
Calculated Sigma
( 7.43e-05, -2.63e-05, -2.25e-05, -2.63e-05, 5.21e-05, 8.62e-06, -2.25e-05, 8.62e-06, 5.21e-05, )
11 0.00583322549971

Selecting 12 samples
Estimating parameters
( 1, 0, 0, 0, 1, 0, 0, 0, 1 ): L = -0.403466
( 0.25, -1.41e-05, -1.2e-05, -1.41e-05, 0.25, 2.34e-06, -1.2e-05, 2.34e-06, 0.25 ): L = 8212.759873
( 0.0625, -1.77e-05, -1.51e-05, -1.77e-05, 0.0625, 2.93e-06, -1.51e-05, 2.93e-06, 0.0625 ): L = 16419.876817
( 0.0157, -1.86e-05, -1.58e-05, -1.86e-05, 0.0157, 3.09e-06, -1.58e-05, 3.09e-06, 0.0157 ): L = 24602.879032
( 0.00395, -1.88e-05, -1.6e-05, -1.88e-05, 0.00394, 3.18e-06, -1.6e-05, 3.18e-06, 0.00394 ): L = 32690.542882
( 0.00102, -1.9e-05, -1.62e-05, -1.9e-05, 0.00101, 3.4e-06, -1.62e-05, 3.4e-06, 0.00101 ): L = 40413.979703
( 0.000293, -1.96e-05, -1.67e-05, -1.96e-05, 0.000277, 4.17e-06, -1.67e-05, 4.17e-06, 0.000279 ): L = 46911.143971
( 0.000114, -2.14e-05, -1.82e-05, -2.14e-05, 9.75e-05, 6.28e-06, -1.82e-05, 6.28e-06, 9.88e-05 ): L = 50603.057786
( 7.86e-05, -2.43e-05, -2.06e-05, -2.43e-05, 5.74e-05, 8.96e-06, -2.06e-05, 8.96e-06, 5.88e-05 ): L = 51459.474356
( 7.68e-05, -2.5e-05, -2.15e-05, -2.5e-05, 5.1e-05, 9.9e-06, -2.15e-05, 9.9e-06, 5.32e-05 ): L = 51496.180695
( 7.68e-05, -2.51e-05, -2.15e-05, -2.51e-05, 5.08e-05, 9.98e-06, -2.15e-05, 9.98e-06, 5.31e-05 ): L = 51496.238733
( 7.68e-05, -2.51e-05, -2.15e-05, -2.51e-05, 5.08e-05, 9.98e-06, -2.15e-05, 9.98e-06, 5.31e-05 ): L = 51496.238733

Eigen Values:

  | 0.000103        0        0|
  |        0 4.28e-05        0|
  |        0        0 3.47e-05|

Eigen Vectors:

  |  0.782 -0.455 -0.427|
  |  0.188 -0.481  0.857|
  |  0.595   0.75   0.29|

Mosaicity in degrees equivalent units
M1: 0.58195 degrees
M2: 0.37465 degrees
M3: 0.33768 degrees
Calculated Sigma
( 7.68e-05, -2.51e-05, -2.15e-05, -2.51e-05, 5.08e-05, 9.98e-06, -2.15e-05, 9.98e-06, 5.31e-05, )
12 0.00283784330566

Selecting 13 samples
Estimating parameters
( 1, 0, 0, 0, 1, 0, 0, 0, 1 ): L = -0.262800
( 0.25, -1.3e-05, -1.05e-05, -1.3e-05, 0.25, 1.68e-06, -1.05e-05, 1.68e-06, 0.25 ): L = 5269.807695
( 0.0625, -1.63e-05, -1.31e-05, -1.63e-05, 0.0625, 2.1e-06, -1.31e-05, 2.1e-06, 0.0625 ): L = 10535.939796
( 0.0157, -1.71e-05, -1.37e-05, -1.71e-05, 0.0157, 2.22e-06, -1.37e-05, 2.22e-06, 0.0157 ): L = 15786.363929
( 0.00395, -1.74e-05, -1.39e-05, -1.74e-05, 0.00394, 2.29e-06, -1.39e-05, 2.29e-06, 0.00394 ): L = 20974.677523
( 0.00103, -1.76e-05, -1.41e-05, -1.76e-05, 0.00101, 2.45e-06, -1.41e-05, 2.45e-06, 0.00101 ): L = 25925.583324
( 0.000294, -1.81e-05, -1.45e-05, -1.81e-05, 0.000276, 3.02e-06, -1.45e-05, 3.02e-06, 0.000279 ): L = 30075.919008
( 0.000115, -1.97e-05, -1.57e-05, -1.97e-05, 9.62e-05, 4.54e-06, -1.57e-05, 4.54e-06, 9.87e-05 ): L = 32392.948247
( 8.02e-05, -2.19e-05, -1.73e-05, -2.19e-05, 5.55e-05, 6.14e-06, -1.73e-05, 6.14e-06, 5.85e-05 ): L = 32893.963917
( 7.82e-05, -2.25e-05, -1.76e-05, -2.25e-05, 4.92e-05, 6.46e-06, -1.76e-05, 6.46e-06, 5.29e-05 ): L = 32912.002831
( 7.83e-05, -2.25e-05, -1.76e-05, -2.25e-05, 4.9e-05, 6.48e-06, -1.76e-05, 6.48e-06, 5.27e-05 ): L = 32912.022536
( 7.83e-05, -2.25e-05, -1.76e-05, -2.25e-05, 4.9e-05, 6.48e-06, -1.76e-05, 6.48e-06, 5.27e-05 ): L = 32912.022536

Eigen Values:

  | 9.81e-05        0        0|
  |        0 4.58e-05        0|
  |        0        0 3.61e-05|

Eigen Vectors:

  |  0.821 -0.427 -0.379|
  |  0.199 -0.408  0.891|
  |  0.535  0.807   0.25|

Mosaicity in degrees equivalent units
M1: 0.56748 degrees
M2: 0.38790 degrees
M3: 0.34407 degrees
Calculated Sigma
( 7.83e-05, -2.25e-05, -1.76e-05, -2.25e-05, 4.9e-05, 6.48e-06, -1.76e-05, 6.48e-06, 5.27e-05, )
13 0.00585247352172

Selecting 14 samples
Estimating parameters
( 1, 0, 0, 0, 1, 0, 0, 0, 1 ): L = -0.449290
( 0.25, -1.27e-05, -1e-05, -1.27e-05, 0.25, 1.77e-06, -1e-05, 1.77e-06, 0.25 ): L = 9844.153398
( 0.0625, -1.59e-05, -1.25e-05, -1.59e-05, 0.0625, 2.22e-06, -1.25e-05, 2.22e-06, 0.0625 ): L = 19682.022388
( 0.0157, -1.67e-05, -1.31e-05, -1.67e-05, 0.0157, 2.34e-06, -1.31e-05, 2.34e-06, 0.0157 ): L = 29493.028079
( 0.00395, -1.69e-05, -1.33e-05, -1.69e-05, 0.00394, 2.41e-06, -1.33e-05, 2.41e-06, 0.00394 ): L = 39197.712385
( 0.00102, -1.71e-05, -1.34e-05, -1.71e-05, 0.00101, 2.57e-06, -1.34e-05, 2.57e-06, 0.00101 ): L = 48494.476917
( 0.000291, -1.76e-05, -1.38e-05, -1.76e-05, 0.000275, 3.14e-06, -1.38e-05, 3.14e-06, 0.000279 ): L = 56396.774341
( 0.000112, -1.9e-05, -1.49e-05, -1.9e-05, 9.47e-05, 4.69e-06, -1.49e-05, 4.69e-06, 9.87e-05 ): L = 60974.995792
( 7.74e-05, -2.12e-05, -1.65e-05, -2.12e-05, 5.41e-05, 6.55e-06, -1.65e-05, 6.55e-06, 5.84e-05 ): L = 62015.742266
( 7.59e-05, -2.18e-05, -1.69e-05, -2.18e-05, 4.8e-05, 7.2e-06, -1.69e-05, 7.2e-06, 5.3e-05 ): L = 62055.026085
( 7.6e-05, -2.18e-05, -1.7e-05, -2.18e-05, 4.78e-05, 7.27e-06, -1.7e-05, 7.27e-06, 5.29e-05 ): L = 62055.080543
( 7.6e-05, -2.18e-05, -1.7e-05, -2.18e-05, 4.78e-05, 7.27e-06, -1.7e-05, 7.27e-06, 5.29e-05 ): L = 62055.080543

Eigen Values:

  | 9.57e-05        0        0|
  |        0 4.53e-05        0|
  |        0        0 3.56e-05|

Eigen Vectors:

  |  0.812 -0.429 -0.395|
  |  0.264 -0.333  0.905|
  |   0.52   0.84  0.158|

Mosaicity in degrees equivalent units
M1: 0.56059 degrees
M2: 0.38552 degrees
M3: 0.34204 degrees
Calculated Sigma
( 7.6e-05, -2.18e-05, -1.7e-05, -2.18e-05, 4.78e-05, 7.27e-06, -1.7e-05, 7.27e-06, 5.29e-05, )
14 0.0040686723587

Selecting 15 samples
Estimating parameters
( 1, 0, 0, 0, 1, 0, 0, 0, 1 ): L = -0.379346
( 0.25, -1.44e-05, -1.18e-05, -1.44e-05, 0.25, 5.72e-07, -1.18e-05, 5.72e-07, 0.25 ): L = 8443.722567
( 0.0625, -1.8e-05, -1.47e-05, -1.8e-05, 0.0625, 7.19e-07, -1.47e-05, 7.19e-07, 0.0625 ): L = 16882.139081
( 0.0157, -1.89e-05, -1.54e-05, -1.89e-05, 0.0157, 7.69e-07, -1.54e-05, 7.69e-07, 0.0157 ): L = 25297.874542
( 0.00395, -1.91e-05, -1.56e-05, -1.91e-05, 0.00394, 8.34e-07, -1.56e-05, 8.34e-07, 0.00394 ): L = 33623.844248
( 0.00102, -1.93e-05, -1.58e-05, -1.93e-05, 0.00101, 1.05e-06, -1.58e-05, 1.05e-06, 0.00101 ): L = 41605.454810
( 0.000289, -1.98e-05, -1.61e-05, -1.98e-05, 0.000276, 1.84e-06, -1.61e-05, 1.84e-06, 0.000276 ): L = 48410.326356
( 0.000111, -2.14e-05, -1.7e-05, -2.14e-05, 9.61e-05, 4e-06, -1.7e-05, 4e-06, 9.56e-05 ): L = 52408.046481
( 7.62e-05, -2.42e-05, -1.83e-05, -2.42e-05, 5.58e-05, 6.7e-06, -1.83e-05, 6.7e-06, 5.6e-05 ): L = 53366.529949
( 7.51e-05, -2.52e-05, -1.87e-05, -2.52e-05, 4.93e-05, 7.68e-06, -1.87e-05, 7.68e-06, 5.09e-05 ): L = 53407.525421
( 7.52e-05, -2.52e-05, -1.88e-05, -2.52e-05, 4.91e-05, 7.75e-06, -1.88e-05, 7.75e-06, 5.08e-05 ): L = 53407.592961
( 7.52e-05, -2.52e-05, -1.88e-05, -2.52e-05, 4.91e-05, 7.75e-06, -1.88e-05, 7.75e-06, 5.08e-05 ): L = 53407.592961

Eigen Values:

  | 9.89e-05        0        0|
  |        0 4.33e-05        0|
  |        0        0 3.28e-05|

Eigen Vectors:

  |  0.798 -0.463 -0.386|
  |   0.17 -0.441  0.881|
  |  0.578  0.769  0.273|

Mosaicity in degrees equivalent units
M1: 0.56994 degrees
M2: 0.37694 degrees
M3: 0.32822 degrees
Calculated Sigma
( 7.52e-05, -2.52e-05, -1.88e-05, -2.52e-05, 4.91e-05, 7.75e-06, -1.88e-05, 7.75e-06, 5.08e-05, )
15 0.00134097087855

Selecting 16 samples
Estimating parameters
( 1, 0, 0, 0, 1, 0, 0, 0, 1 ): L = -0.474603
( 0.25, -1.7e-05, -1.52e-05, -1.7e-05, 0.25, -5.73e-07, -1.52e-05, -5.73e-07, 0.25 ): L = 10318.114218
( 0.0625, -2.13e-05, -1.91e-05, -2.13e-05, 0.0625, -7.11e-07, -1.91e-05, -7.11e-07, 0.0625 ): L = 20629.590117
( 0.0157, -2.24e-05, -2e-05, -2.24e-05, 0.0157, -7.24e-07, -2e-05, -7.24e-07, 0.0157 ): L = 30912.691680
( 0.00395, -2.26e-05, -2.03e-05, -2.26e-05, 0.00393, -6.41e-07, -2.03e-05, -6.41e-07, 0.00394 ): L = 41083.520059
( 0.00102, -2.27e-05, -2.04e-05, -2.27e-05, 0.001, -2.86e-07, -2.04e-05, -2.86e-07, 0.00101 ): L = 50824.016722
( 0.000287, -2.29e-05, -2.05e-05, -2.29e-05, 0.000274, 9.73e-07, -2.05e-05, 9.73e-07, 0.000277 ): L = 59098.269295
( 0.00011, -2.36e-05, -2.1e-05, -2.36e-05, 9.52e-05, 4.17e-06, -2.1e-05, 4.17e-06, 9.78e-05 ): L = 63896.802649
( 7.78e-05, -2.49e-05, -2.19e-05, -2.49e-05, 5.6e-05, 7.69e-06, -2.19e-05, 7.69e-06, 5.85e-05 ): L = 64988.682494
( 7.72e-05, -2.55e-05, -2.22e-05, -2.55e-05, 5.05e-05, 8.98e-06, -2.22e-05, 8.98e-06, 5.32e-05 ): L = 65029.286720
( 7.74e-05, -2.55e-05, -2.22e-05, -2.55e-05, 5.04e-05, 9.06e-06, -2.22e-05, 9.06e-06, 5.3e-05 ): L = 65029.339310
( 7.74e-05, -2.55e-05, -2.22e-05, -2.55e-05, 5.04e-05, 9.06e-06, -2.22e-05, 9.06e-06, 5.3e-05 ): L = 65029.339310

Eigen Values:

  | 0.000104        0        0|
  |        0 4.33e-05        0|
  |        0        0 3.36e-05|

Eigen Vectors:

  |  0.787 -0.448 -0.424|
  |  0.152 -0.525  0.838|
  |  0.598  0.724  0.345|

Mosaicity in degrees equivalent units
M1: 0.58386 degrees
M2: 0.37712 degrees
M3: 0.33213 degrees
Calculated Sigma
( 7.74e-05, -2.55e-05, -2.22e-05, -2.55e-05, 5.04e-05, 9.06e-06, -2.22e-05, 9.06e-06, 5.3e-05, )
16 0.00313274955028

Selecting 17 samples
Estimating parameters
( 1, 0, 0, 0, 1, 0, 0, 0, 1 ): L = -0.410810
( 0.25, -1.32e-05, -1.04e-05, -1.32e-05, 0.25, 2.31e-06, -1.04e-05, 2.31e-06, 0.25 ): L = 9171.338336
( 0.0625, -1.65e-05, -1.3e-05, -1.65e-05, 0.0625, 2.89e-06, -1.3e-05, 2.89e-06, 0.0625 ): L = 18336.930442
( 0.0157, -1.74e-05, -1.37e-05, -1.74e-05, 0.0157, 3.05e-06, -1.37e-05, 3.05e-06, 0.0157 ): L = 27477.959088
( 0.00395, -1.76e-05, -1.38e-05, -1.76e-05, 0.00394, 3.13e-06, -1.38e-05, 3.13e-06, 0.00394 ): L = 36521.758184
( 0.00102, -1.78e-05, -1.4e-05, -1.78e-05, 0.00101, 3.32e-06, -1.4e-05, 3.32e-06, 0.00101 ): L = 45192.356780
( 0.000292, -1.85e-05, -1.45e-05, -1.85e-05, 0.000275, 3.98e-06, -1.45e-05, 3.98e-06, 0.00028 ): L = 52584.953864
( 0.000113, -2.04e-05, -1.61e-05, -2.04e-05, 9.54e-05, 5.92e-06, -1.61e-05, 5.92e-06, 9.97e-05 ): L = 56911.119833
( 7.87e-05, -2.41e-05, -1.92e-05, -2.41e-05, 5.58e-05, 8.83e-06, -1.92e-05, 8.83e-06, 6.04e-05 ): L = 57913.351931
( 7.84e-05, -2.57e-05, -2.09e-05, -2.57e-05, 5.01e-05, 1e-05, -2.09e-05, 1e-05, 5.55e-05 ): L = 57951.102362
( 7.86e-05, -2.58e-05, -2.09e-05, -2.58e-05, 4.99e-05, 1.01e-05, -2.09e-05, 1.01e-05, 5.54e-05 ): L = 57951.156029
( 7.86e-05, -2.58e-05, -2.09e-05, -2.58e-05, 4.99e-05, 1.01e-05, -2.09e-05, 1.01e-05, 5.54e-05 ): L = 57951.156030

Eigen Values:

  | 0.000105        0        0|
  |        0 4.48e-05        0|
  |        0        0 3.44e-05|

Eigen Vectors:

  |  0.786 -0.449 -0.426|
  |  0.279 -0.358  0.891|
  |  0.552  0.819  0.156|

Mosaicity in degrees equivalent units
M1: 0.58609 degrees
M2: 0.38340 degrees
M3: 0.33626 degrees
Calculated Sigma
( 7.86e-05, -2.58e-05, -2.09e-05, -2.58e-05, 4.99e-05, 1.01e-05, -2.09e-05, 1.01e-05, 5.54e-05, )
17 0.00390905106237

Selecting 18 samples
Estimating parameters
( 1, 0, 0, 0, 1, 0, 0, 0, 1 ): L = -0.475796
( 0.25, -1.34e-05, -9.71e-06, -1.34e-05, 0.25, 1.01e-06, -9.71e-06, 1.01e-06, 0.25 ): L = 10807.468943
( 0.0625, -1.68e-05, -1.21e-05, -1.68e-05, 0.0625, 1.27e-06, -1.21e-05, 1.27e-06, 0.0625 ): L = 21608.282402
( 0.0157, -1.77e-05, -1.27e-05, -1.77e-05, 0.0157, 1.34e-06, -1.27e-05, 1.34e-06, 0.0157 ): L = 32380.642394
( 0.00395, -1.79e-05, -1.29e-05, -1.79e-05, 0.00393, 1.41e-06, -1.29e-05, 1.41e-06, 0.00394 ): L = 43040.323537
( 0.00102, -1.8e-05, -1.3e-05, -1.8e-05, 0.001, 1.59e-06, -1.3e-05, 1.59e-06, 0.00101 ): L = 53266.751057
( 0.000288, -1.84e-05, -1.34e-05, -1.84e-05, 0.000273, 2.25e-06, -1.34e-05, 2.25e-06, 0.000278 ): L = 62000.942982
( 0.00011, -1.95e-05, -1.44e-05, -1.95e-05, 9.38e-05, 4.13e-06, -1.44e-05, 4.13e-06, 9.74e-05 ): L = 67111.408183
( 7.48e-05, -2.13e-05, -1.63e-05, -2.13e-05, 5.43e-05, 6.78e-06, -1.63e-05, 6.78e-06, 5.76e-05 ): L = 68275.910059
( 7.35e-05, -2.17e-05, -1.72e-05, -2.17e-05, 4.86e-05, 7.99e-06, -1.72e-05, 7.99e-06, 5.26e-05 ): L = 68318.574057
( 7.35e-05, -2.17e-05, -1.72e-05, -2.17e-05, 4.85e-05, 8.09e-06, -1.72e-05, 8.09e-06, 5.25e-05 ): L = 68318.633207
( 7.35e-05, -2.17e-05, -1.72e-05, -2.17e-05, 4.85e-05, 8.09e-06, -1.72e-05, 8.09e-06, 5.25e-05 ): L = 68318.633207

Eigen Values:

  | 9.46e-05        0        0|
  |        0 4.42e-05        0|
  |        0        0 3.57e-05|

Eigen Vectors:

  |  0.795 -0.446 -0.411|
  |  0.266 -0.353  0.897|
  |  0.545  0.823  0.162|

Mosaicity in degrees equivalent units
M1: 0.55718 degrees
M2: 0.38098 degrees
M3: 0.34234 degrees
Calculated Sigma
( 7.35e-05, -2.17e-05, -1.72e-05, -2.17e-05, 4.85e-05, 8.09e-06, -1.72e-05, 8.09e-06, 5.25e-05, )
18 0.00276448338728

Selecting 19 samples
Estimating parameters
( 1, 0, 0, 0, 1, 0, 0, 0, 1 ): L = -0.521452
( 0.25, -1.52e-05, -1.41e-05, -1.52e-05, 0.25, 2.01e-07, -1.41e-05, 2.01e-07, 0.25 ): L = 11771.362778
( 0.0625, -1.9e-05, -1.76e-05, -1.9e-05, 0.0625, 2.55e-07, -1.76e-05, 2.55e-07, 0.0625 ): L = 23535.431700
( 0.0157, -1.99e-05, -1.85e-05, -1.99e-05, 0.0157, 2.86e-07, -1.85e-05, 2.86e-07, 0.0157 ): L = 35268.321225
( 0.00395, -2.02e-05, -1.87e-05, -2.02e-05, 0.00394, 3.62e-07, -1.87e-05, 3.62e-07, 0.00393 ): L = 46877.788887
( 0.00102, -2.04e-05, -1.88e-05, -2.04e-05, 0.00101, 6.49e-07, -1.88e-05, 6.49e-07, 0.00101 ): L = 58013.461515
( 0.000287, -2.08e-05, -1.91e-05, -2.08e-05, 0.000275, 1.68e-06, -1.91e-05, 1.68e-06, 0.000275 ): L = 67526.133206
( 0.000108, -2.22e-05, -1.99e-05, -2.22e-05, 9.56e-05, 4.49e-06, -1.99e-05, 4.49e-06, 9.57e-05 ): L = 73139.402754
( 7.48e-05, -2.48e-05, -2.12e-05, -2.48e-05, 5.62e-05, 8.1e-06, -2.12e-05, 8.1e-06, 5.72e-05 ): L = 74480.502012
( 7.39e-05, -2.57e-05, -2.16e-05, -2.57e-05, 5.03e-05, 9.57e-06, -2.16e-05, 9.57e-06, 5.27e-05 ): L = 74536.030966
( 7.39e-05, -2.57e-05, -2.16e-05, -2.57e-05, 5.01e-05, 9.68e-06, -2.16e-05, 9.68e-06, 5.26e-05 ): L = 74536.124557
( 7.39e-05, -2.57e-05, -2.16e-05, -2.57e-05, 5.01e-05, 9.68e-06, -2.16e-05, 9.68e-06, 5.26e-05 ): L = 74536.124557

Eigen Values:

  | 0.000102        0        0|
  |        0 4.25e-05        0|
  |        0        0 3.25e-05|

Eigen Vectors:

  |  0.771 -0.467 -0.432|
  |   0.17 -0.503  0.847|
  |  0.613  0.727  0.308|

Mosaicity in degrees equivalent units
M1: 0.57751 degrees
M2: 0.37362 degrees
M3: 0.32671 degrees
Calculated Sigma
( 7.39e-05, -2.57e-05, -2.16e-05, -2.57e-05, 5.01e-05, 9.68e-06, -2.16e-05, 9.68e-06, 5.26e-05, )
19 0.00243565416755

Selecting 20 samples
Estimating parameters
( 1, 0, 0, 0, 1, 0, 0, 0, 1 ): L = -0.540409
( 0.25, -1.38e-05, -1.02e-05, -1.38e-05, 0.25, 6.34e-07, -1.02e-05, 6.34e-07, 0.25 ): L = 11857.892448
( 0.0625, -1.73e-05, -1.27e-05, -1.73e-05, 0.0625, 7.96e-07, -1.27e-05, 7.96e-07, 0.0625 ): L = 23708.225970
( 0.0157, -1.82e-05, -1.34e-05, -1.82e-05, 0.0157, 8.48e-07, -1.34e-05, 8.48e-07, 0.0157 ): L = 35526.248260
( 0.00395, -1.84e-05, -1.36e-05, -1.84e-05, 0.00393, 9.11e-07, -1.36e-05, 9.11e-07, 0.00394 ): L = 47216.388720
( 0.00102, -1.86e-05, -1.37e-05, -1.86e-05, 0.00101, 1.12e-06, -1.37e-05, 1.12e-06, 0.00101 ): L = 58415.916490
( 0.000293, -1.9e-05, -1.4e-05, -1.9e-05, 0.000274, 1.87e-06, -1.4e-05, 1.87e-06, 0.000277 ): L = 67938.652054
( 0.000114, -2.03e-05, -1.49e-05, -2.03e-05, 9.46e-05, 3.92e-06, -1.49e-05, 3.92e-06, 9.73e-05 ): L = 73465.928209
( 7.99e-05, -2.23e-05, -1.63e-05, -2.23e-05, 5.48e-05, 6.68e-06, -1.63e-05, 6.68e-06, 5.77e-05 ): L = 74733.087154
( 7.83e-05, -2.28e-05, -1.69e-05, -2.28e-05, 4.89e-05, 7.85e-06, -1.69e-05, 7.85e-06, 5.28e-05 ): L = 74781.661195
( 7.84e-05, -2.28e-05, -1.69e-05, -2.28e-05, 4.87e-05, 7.93e-06, -1.69e-05, 7.93e-06, 5.27e-05 ): L = 74781.729961
( 7.84e-05, -2.28e-05, -1.69e-05, -2.28e-05, 4.87e-05, 7.93e-06, -1.69e-05, 7.93e-06, 5.27e-05 ): L = 74781.729961

Eigen Values:

  | 9.84e-05        0        0|
  |        0 4.52e-05        0|
  |        0        0 3.62e-05|

Eigen Vectors:

  |  0.817 -0.436 -0.378|
  |  0.276 -0.279   0.92|
  |  0.506  0.856  0.108|

Mosaicity in degrees equivalent units
M1: 0.56831 degrees
M2: 0.38505 degrees
M3: 0.34487 degrees
Calculated Sigma
( 7.84e-05, -2.28e-05, -1.69e-05, -2.28e-05, 4.87e-05, 7.93e-06, -1.69e-05, 7.93e-06, 5.27e-05, )
20 0.00532625081865

Selecting 30 samples
Estimating parameters
( 1, 0, 0, 0, 1, 0, 0, 0, 1 ): L = -0.873652
( 0.25, -1.41e-05, -1.02e-05, -1.41e-05, 0.25, 8.78e-07, -1.02e-05, 8.78e-07, 0.25 ): L = 18959.265520
( 0.0625, -1.77e-05, -1.28e-05, -1.77e-05, 0.0625, 1.1e-06, -1.28e-05, 1.1e-06, 0.0625 ): L = 37906.311047
( 0.0157, -1.86e-05, -1.34e-05, -1.86e-05, 0.0157, 1.17e-06, -1.34e-05, 1.17e-06, 0.0157 ): L = 56801.122882
( 0.00395, -1.88e-05, -1.36e-05, -1.88e-05, 0.00393, 1.23e-06, -1.36e-05, 1.23e-06, 0.00394 ): L = 75489.230193
( 0.00102, -1.9e-05, -1.37e-05, -1.9e-05, 0.001, 1.44e-06, -1.37e-05, 1.44e-06, 0.00101 ): L = 93384.729029
( 0.000292, -1.95e-05, -1.41e-05, -1.95e-05, 0.000274, 2.17e-06, -1.41e-05, 2.17e-06, 0.000279 ): L = 108576.501604
( 0.000113, -2.1e-05, -1.51e-05, -2.1e-05, 9.43e-05, 4.21e-06, -1.51e-05, 4.21e-06, 9.91e-05 ): L = 117364.127839
( 7.79e-05, -2.32e-05, -1.68e-05, -2.32e-05, 5.48e-05, 6.89e-06, -1.68e-05, 6.89e-06, 5.96e-05 ): L = 119380.020226
( 7.59e-05, -2.39e-05, -1.74e-05, -2.39e-05, 4.9e-05, 7.87e-06, -1.74e-05, 7.87e-06, 5.46e-05 ): L = 119456.679843
( 7.59e-05, -2.39e-05, -1.74e-05, -2.39e-05, 4.88e-05, 7.94e-06, -1.74e-05, 7.94e-06, 5.44e-05 ): L = 119456.778553
( 7.59e-05, -2.39e-05, -1.74e-05, -2.39e-05, 4.88e-05, 7.94e-06, -1.74e-05, 7.94e-06, 5.44e-05 ): L = 119456.778554

Eigen Values:

  | 9.81e-05        0        0|
  |        0 4.64e-05        0|
  |        0        0 3.46e-05|

Eigen Vectors:

  |  0.798 -0.451 -0.399|
  |  0.268 -0.328  0.906|
  |   0.54   0.83  0.141|

Mosaicity in degrees equivalent units
M1: 0.56755 degrees
M2: 0.39037 degrees
M3: 0.33725 degrees
Calculated Sigma
( 7.59e-05, -2.39e-05, -1.74e-05, -2.39e-05, 4.88e-05, 7.94e-06, -1.74e-05, 7.94e-06, 5.44e-05, )
30 0.00400432699697

Selecting 40 samples
Estimating parameters
( 1, 0, 0, 0, 1, 0, 0, 0, 1 ): L = -0.876481
( 0.25, -1.31e-05, -1.04e-05, -1.31e-05, 0.25, 2.55e-06, -1.04e-05, 2.55e-06, 0.25 ): L = 19221.258178
( 0.0625, -1.63e-05, -1.31e-05, -1.63e-05, 0.0625, 3.19e-06, -1.31e-05, 3.19e-06, 0.0625 ): L = 38430.256675
( 0.0157, -1.72e-05, -1.37e-05, -1.72e-05, 0.0157, 3.36e-06, -1.37e-05, 3.36e-06, 0.0157 ): L = 57586.850318
( 0.00395, -1.74e-05, -1.39e-05, -1.74e-05, 0.00394, 3.45e-06, -1.39e-05, 3.45e-06, 0.00394 ): L = 76536.037532
( 0.00102, -1.76e-05, -1.4e-05, -1.76e-05, 0.00101, 3.63e-06, -1.4e-05, 3.63e-06, 0.00101 ): L = 94689.552013
( 0.000289, -1.81e-05, -1.44e-05, -1.81e-05, 0.000277, 4.24e-06, -1.44e-05, 4.24e-06, 0.000278 ): L = 110124.053472
( 0.000111, -1.98e-05, -1.57e-05, -1.98e-05, 9.73e-05, 5.97e-06, -1.57e-05, 5.97e-06, 9.78e-05 ): L = 119082.912022
( 7.57e-05, -2.28e-05, -1.78e-05, -2.28e-05, 5.72e-05, 8.18e-06, -1.78e-05, 8.18e-06, 5.75e-05 ): L = 121139.392800
( 7.45e-05, -2.38e-05, -1.85e-05, -2.38e-05, 5.11e-05, 8.99e-06, -1.85e-05, 8.99e-06, 5.21e-05 ): L = 121218.373155
( 7.46e-05, -2.38e-05, -1.85e-05, -2.38e-05, 5.09e-05, 9.07e-06, -1.85e-05, 9.07e-06, 5.2e-05 ): L = 121218.485537
( 7.46e-05, -2.38e-05, -1.85e-05, -2.38e-05, 5.09e-05, 9.07e-06, -1.85e-05, 9.07e-06, 5.2e-05 ): L = 121218.485537

Eigen Values:

  | 9.85e-05        0        0|
  |        0 4.34e-05        0|
  |        0        0 3.56e-05|

Eigen Vectors:

  |  0.785  -0.47 -0.404|
  |  0.205 -0.419  0.885|
  |  0.585  0.777  0.232|

Mosaicity in degrees equivalent units
M1: 0.56857 degrees
M2: 0.37743 degrees
M3: 0.34206 degrees
Calculated Sigma
( 7.46e-05, -2.38e-05, -1.85e-05, -2.38e-05, 5.09e-05, 9.07e-06, -1.85e-05, 9.07e-06, 5.2e-05, )
40 0.00271348878719

Selecting 50 samples
Estimating parameters
( 1, 0, 0, 0, 1, 0, 0, 0, 1 ): L = -1.363608
( 0.25, -1.31e-05, -1.12e-05, -1.31e-05, 0.25, 1.13e-06, -1.12e-05, 1.13e-06, 0.25 ): L = 29680.699285
( 0.0625, -1.63e-05, -1.4e-05, -1.63e-05, 0.0625, 1.42e-06, -1.4e-05, 1.42e-06, 0.0625 ): L = 59342.325489
( 0.0157, -1.72e-05, -1.47e-05, -1.72e-05, 0.0157, 1.51e-06, -1.47e-05, 1.51e-06, 0.0157 ): L = 88922.425486
( 0.00395, -1.74e-05, -1.49e-05, -1.74e-05, 0.00394, 1.57e-06, -1.49e-05, 1.57e-06, 0.00394 ): L = 118179.911673
( 0.00102, -1.76e-05, -1.5e-05, -1.76e-05, 0.00101, 1.78e-06, -1.5e-05, 1.78e-06, 0.00101 ): L = 146200.478595
( 0.000292, -1.81e-05, -1.54e-05, -1.81e-05, 0.000275, 2.5e-06, -1.54e-05, 2.5e-06, 0.000277 ): L = 170003.132807
( 0.000113, -1.95e-05, -1.64e-05, -1.95e-05, 9.49e-05, 4.5e-06, -1.64e-05, 4.5e-06, 9.67e-05 ): L = 183816.927597
( 7.79e-05, -2.17e-05, -1.79e-05, -2.17e-05, 5.47e-05, 7.03e-06, -1.79e-05, 7.03e-06, 5.71e-05 ): L = 187032.053067
( 7.62e-05, -2.24e-05, -1.84e-05, -2.24e-05, 4.86e-05, 7.93e-06, -1.84e-05, 7.93e-06, 5.2e-05 ): L = 187161.407842
( 7.62e-05, -2.24e-05, -1.85e-05, -2.24e-05, 4.84e-05, 8e-06, -1.85e-05, 8e-06, 5.19e-05 ): L = 187161.599068
( 7.62e-05, -2.24e-05, -1.85e-05, -2.24e-05, 4.84e-05, 8e-06, -1.85e-05, 8e-06, 5.19e-05 ): L = 187161.599068

Eigen Values:

  | 9.75e-05        0        0|
  |        0 4.35e-05        0|
  |        0        0 3.54e-05|

Eigen Vectors:

  |  0.806 -0.434 -0.402|
  |  0.232 -0.394  0.889|
  |  0.544   0.81  0.217|

Mosaicity in degrees equivalent units
M1: 0.56569 degrees
M2: 0.37789 degrees
M3: 0.34104 degrees
Calculated Sigma
( 7.62e-05, -2.24e-05, -1.85e-05, -2.24e-05, 4.84e-05, 8e-06, -1.85e-05, 8e-06, 5.19e-05, )
50 0.00231137511092

Selecting 60 samples
Estimating parameters
( 1, 0, 0, 0, 1, 0, 0, 0, 1 ): L = -1.519174
( 0.25, -1.43e-05, -1.09e-05, -1.43e-05, 0.25, 8.25e-07, -1.09e-05, 8.25e-07, 0.25 ): L = 32871.015614
( 0.0625, -1.79e-05, -1.36e-05, -1.79e-05, 0.0625, 1.03e-06, -1.36e-05, 1.03e-06, 0.0625 ): L = 65720.782222
( 0.0157, -1.88e-05, -1.43e-05, -1.88e-05, 0.0157, 1.1e-06, -1.43e-05, 1.1e-06, 0.0157 ): L = 98479.721873
( 0.00395, -1.9e-05, -1.45e-05, -1.9e-05, 0.00393, 1.16e-06, -1.45e-05, 1.16e-06, 0.00394 ): L = 130879.243766
( 0.00102, -1.92e-05, -1.47e-05, -1.92e-05, 0.00101, 1.37e-06, -1.47e-05, 1.37e-06, 0.00101 ): L = 161900.752069
( 0.000291, -1.97e-05, -1.5e-05, -1.97e-05, 0.000274, 2.09e-06, -1.5e-05, 2.09e-06, 0.000278 ): L = 188223.487400
( 0.000112, -2.11e-05, -1.61e-05, -2.11e-05, 9.43e-05, 4.08e-06, -1.61e-05, 4.08e-06, 9.79e-05 ): L = 203423.331363
( 7.82e-05, -2.33e-05, -1.78e-05, -2.33e-05, 5.44e-05, 6.58e-06, -1.78e-05, 6.58e-06, 5.8e-05 ): L = 206878.100374
( 7.7e-05, -2.39e-05, -1.83e-05, -2.39e-05, 4.86e-05, 7.59e-06, -1.83e-05, 7.59e-06, 5.28e-05 ): L = 207007.063960
( 7.7e-05, -2.39e-05, -1.83e-05, -2.39e-05, 4.84e-05, 7.67e-06, -1.83e-05, 7.67e-06, 5.27e-05 ): L = 207007.232508
( 7.7e-05, -2.39e-05, -1.83e-05, -2.39e-05, 4.84e-05, 7.67e-06, -1.83e-05, 7.67e-06, 5.27e-05 ): L = 207007.232509

Eigen Values:

  |  9.9e-05        0        0|
  |        0 4.48e-05        0|
  |        0        0 3.44e-05|

Eigen Vectors:

  |  0.807 -0.441 -0.392|
  |   0.23 -0.377  0.897|
  |  0.544  0.814  0.203|

Mosaicity in degrees equivalent units
M1: 0.57013 degrees
M2: 0.38329 degrees
M3: 0.33592 degrees
Calculated Sigma
( 7.7e-05, -2.39e-05, -1.83e-05, -2.39e-05, 4.84e-05, 7.67e-06, -1.83e-05, 7.67e-06, 5.27e-05, )
60 0.00245807878523

Selecting 70 samples
Estimating parameters
( 1, 0, 0, 0, 1, 0, 0, 0, 1 ): L = -1.840173
( 0.25, -1.5e-05, -1.22e-05, -1.5e-05, 0.25, 2.04e-07, -1.22e-05, 2.04e-07, 0.25 ): L = 40226.153986
( 0.0625, -1.87e-05, -1.52e-05, -1.87e-05, 0.0625, 2.59e-07, -1.52e-05, 2.59e-07, 0.0625 ): L = 80426.568694
( 0.0157, -1.97e-05, -1.6e-05, -1.97e-05, 0.0157, 2.89e-07, -1.6e-05, 2.89e-07, 0.0157 ): L = 120516.958347
( 0.00395, -1.99e-05, -1.62e-05, -1.99e-05, 0.00393, 3.59e-07, -1.62e-05, 3.59e-07, 0.00394 ): L = 160171.882594
( 0.00102, -2.01e-05, -1.63e-05, -2.01e-05, 0.001, 6.22e-07, -1.63e-05, 6.22e-07, 0.00101 ): L = 198156.084626
( 0.00029, -2.04e-05, -1.67e-05, -2.04e-05, 0.000273, 1.56e-06, -1.67e-05, 1.56e-06, 0.000278 ): L = 230430.063380
